256, 256, 34305, 7680, 
1280, 
3840, 
1029, 7687, 64514, 20483, 8709, 10243, 11781, 28675, 2573, 15375, 2571, 11279, 12363, 
65028, 8197, 4611, 16901, 773, 5637, 3331, 14083, 61450, 16139, 279, 9231, 14867, 
34050, 32517, 54020, 19971, 24581, 5123, 13061, 18181, 11531, 23057, 6929, 57094, 15187, 
64002, 30981, 3079, 12805, 5125, 51456, 58114, 57604, 18463, 20017, 9743, 48392, 15437, 
13573, 52485, 519, 36610, 51202, 5378, 47106, 63746, 16141, 13843, 5649, 49672, 14631, 
8197, 53767, 46342, 4, 48902, 4, 54530, 8453, 13579, 3853, 545, 51976, 15383, 
12805, 37897, 55558, 12802, 62468, 27650, 4613, 21509, 8595, 5199, 8493, 8211, 7679, 
8197, 32515, 40454, 6, 51462, 20484, 6661, 19719, 7747, 1305, 7489, 7193, 8595, 
15367, 30471, 52996, 17924, 5635, 42498, 15875, 16903, 8215, 7471, 12305, 13331, 5249, 
5127, 22277, 43780, 8, 60420, 26628, 4099, 6407, 12827, 9753, 16397, 15881, 13, 
22289, 22535, 14341, 54018, 61698, 46082, 57346, 19971, 6417, 63508, 13839, 32009, 62478, 
20999, 35847, 3079, 19456, 53506, 21762, 51718, 12293, 9743, 273, 17173, 32523, 62478, 
8717, 4111, 8969, 14855, 14341, 11781, 4355, 16643, 3097, 3597, 6697, 14345, 6425, 
11789, 5643, 6919, 7429, 2821, 11011, 5639, 21761, 275, 1803, 3853, 14601, 9231, 
63240, 9991, 1285, 14599, 28933, 4099, 14851, 23043, 8209, 18445, 7963, 7953, 10981, 
55556, 60674, 519, 261, 27397, 5123, 17667, 18433, 61708, 13835, 5399, 4883, 14871, 
48130, 27399, 4873, 6661, 38151, 50434, 24323, 12547, 14105, 28945, 1551, 529, 13141, 
15879, 44805, 7173, 8195, 259, 36100, 63746, 50180, 13849, 23325, 3857, 63506, 13695, 
8197, 62727, 51970, 51202, 61698, 6916, 9221, 45314, 13073, 18447, 63764, 60436, 14881, 
5893, 60679, 42500, 37122, 56068, 6, 517, 47108, 6687, 8997, 531, 2329, 10805, 
12809, 57863, 46596, 48130, 57090, 2, 3333, 33282, 10329, 5469, 11541, 10769, 6655, 
1293, 59655, 23812, 28418, 6147, 6, 7689, 29698, 12343, 7983, 6933, 13073, 5273, 
19465, 48391, 261, 64002, 3, 2562, 64516, 17666, 12111, 1309, 18205, 13329, 5535, 
18439, 50693, 46592, 52740, 12291, 4, 2051, 7428, 16201, 61718, 22291, 14871, 2437, 
25355, 35079, 18181, 60930, 56326, 22530, 45570, 28162, 10583, 2585, 14115, 11531, 5251, 
36881, 25351, 9223, 263, 36614, 19204, 21764, 28676, 8217, 7183, 13329, 12561, 4285, 
24847, 23307, 21509, 12295, 53508, 38914, 39938, 48388, 5975, 5163, 9235, 9753, 6911, 
29203, 27401, 16391, 8709, 50692, 36868, 23556, 34052, 5169, 4639, 9245, 12563, 6065, 
14347, 11785, 17667, 15881, 1541, 1029, 63746, 3331, 3655, 4397, 6931, 8727, 6655, 
13581, 16137, 25603, 15619, 2055, 62722, 49666, 53506, 2377, 1827, 4373, 6927, 6463, 
27737, 25946, 2137, 33620, 45657, 35158, 
46915, 6214, 9294, 64083, 10583, 7510, 
56141, 56917, 25423, 9306, 46161, 34383, 
46165, 14157, 56135, 39494, 64844, 28239, 
11341, 58950, 19778, 38211, 26948, 37452, 
