52480, 
3328, 2048, 46605, 53760, 2, 32768, 3585, 16640, 16640, 1280, 9984, 9984, 2048, 
3072, 6144, 6144, 3072, 10752, 3072, 3072, 3072, 3072, 3072, 3072, 3072, 3072, 
0, 256, 512, 768, 1024, 1280, 1536, 1792, 21255, 27141, 27397, 3331, 47106, 64002, 13057, 58368, 21003, 16907, 17163, 4617, 21525, 
16391, 32005, 13829, 55808, 59650, 7171, 62466, 26369, 19213, 15117, 13837, 1801, 19995, 
16391, 29187, 10245, 45312, 61698, 8449, 2561, 31233, 17177, 15889, 16401, 16397, 15651, 
21255, 28165, 24837, 59650, 43522, 62466, 13313, 57856, 16415, 16663, 16147, 14863, 16163, 
21769, 25607, 26373, 14339, 5123, 7939, 7683, 14083, 13585, 12559, 17933, 26123, 12833, 
21253, 29187, 20995, 55808, 56320, 6145, 7681, 11521, 17419, 14857, 19977, 29191, 8975, 
2565, 31234, 38403, 33795, 8195, 3587, 11777, 62464, 17177, 17429, 15629, 15373, 15413, 
14597, 30466, 63234, 43779, 34819, 1539, 15875, 3331, 16673, 16921, 16659, 15887, 15701, 
18439, 40194, 2819, 34819, 26371, 13313, 19713, 63488, 18453, 24591, 18443, 7945, 12827, 
6405, 36098, 27907, 22273, 22273, 13825, 62208, 57856, 22545, 27403, 7947, 7431, 11543, 
21511, 16133, 24837, 20481, 15363, 19203, 14849, 12545, 13325, 25867, 21001, 19207, 9235, 
23557, 54272, 9217, 9729, 15361, 22529, 17665, 62720, 19723, 35593, 20999, 13319, 4877, 
38407, 61188, 28928, 22017, 32515, 8961, 2307, 18435, 13339, 13585, 21003, 22539, 16927, 
40709, 1537, 0, 15361, 34561, 12289, 15873, 4097, 13837, 13835, 13825, 20487, 15885, 
36101, 1029, 46080, 18945, 25345, 5377, 7425, 19969, 11791, 21515, 33543, 19463, 11281, 
30471, 50434, 44546, 36097, 5379, 60674, 37889, 27649, 11539, 18703, 31497, 8713, 16415, 
23815, 18181, 19715, 18945, 13057, 14593, 14339, 15875, 9741, 21003, 28169, 20999, 10515, 
26885, 63234, 5123, 8193, 49152, 15617, 39169, 3073, 11787, 30985, 33289, 6917, 9227, 
23815, 4357, 63748, 64770, 58882, 18945, 49923, 16385, 16417, 16661, 16401, 17167, 15421, 
16903, 57090, 1029, 64000, 8195, 45059, 24321, 49408, 17687, 18191, 17427, 16905, 14375, 
22535, 12549, 8197, 55554, 64002, 27907, 29185, 13057, 16403, 22285, 22799, 19977, 11547, 
24581, 55298, 61442, 6657, 61184, 20225, 42753, 3841, 19725, 24585, 23561, 20487, 7439, 
18695, 18183, 27653, 23811, 17923, 18691, 18435, 19203, 11281, 16141, 21261, 26121, 11289, 
27141, 21763, 19971, 64768, 61184, 11265, 16641, 17153, 14091, 23815, 25353, 28679, 5643, 
65284, 48130, 22531, 8453, 46595, 7681, 48642, 6147, 16663, 21519, 11275, 11789, 15413, 
7941, 41474, 11013, 6657, 27651, 44545, 13313, 41986, 15385, 22285, 16911, 5897, 15657, 
11269, 65026, 9221, 44544, 20227, 52227, 17411, 63488, 18711, 28427, 17423, 8201, 12577, 
2309, 515, 1795, 55042, 55811, 16897, 61696, 1283, 21523, 27915, 9483, 9481, 12061, 
15365, 19969, 3843, 41728, 17153, 18177, 18689, 15361, 22029, 24841, 22537, 24071, 7693, 
23047, 27397, 26885, 6145, 8963, 10753, 10499, 18435, 15371, 15625, 23305, 35079, 7693, 
7685, 22021, 7685, 28416, 19457, 26625, 12035, 22273, 14879, 20753, 14355, 14607, 15681, 
1797, 20739, 58370, 37632, 41731, 11009, 13057, 11521, 10259, 21773, 5899, 14855, 18709, 
4869, 29189, 50436, 47104, 37891, 2819, 27649, 7169, 17693, 21009, 14863, 18447, 14135, 
9733, 36869, 9989, 28672, 11011, 9729, 9987, 35075, 18201, 18703, 18961, 22029, 13093, 
19975, 32003, 24579, 62720, 9731, 4865, 7425, 20225, 17163, 10249, 23817, 33543, 8719, 
11525, 42501, 54786, 50432, 15617, 56832, 32513, 14081, 20753, 16651, 24841, 22281, 11029, 
19461, 64258, 2563, 769, 64512, 30465, 31745, 59136, 18195, 18191, 18701, 19209, 13083, 
13061, 8709, 4357, 54532, 19203, 39427, 59136, 8193, 18709, 18961, 19729, 19213, 12833, 
24325, 9473, 12801, 62976, 2561, 16897, 12289, 5889, 22031, 24587, 23561, 20999, 6677, 
28167, 15877, 12805, 3843, 12803, 8705, 14593, 9473, 16663, 21265, 21517, 18697, 12583, 
32005, 29957, 29187, 10497, 9219, 60160, 3073, 5633, 13323, 18441, 20489, 26121, 11029, 
25353, 24583, 26629, 14341, 11013, 2819, 7683, 8195, 14617, 16403, 18449, 20237, 14415, 
14087, 53507, 61186, 9219, 59650, 52226, 16643, 771, 16667, 16403, 16911, 16141, 15925, 
6151, 65283, 14597, 3073, 1285, 52226, 46082, 9985, 16411, 16657, 16657, 15625, 16161, 
18955, 37383, 18181, 17157, 64516, 61698, 2307, 7171, 16423, 14359, 17939, 16911, 15741, 
11783, 58371, 7683, 1537, 2307, 47618, 4353, 6401, 19731, 7693, 24587, 17927, 12565, 
18953, 26373, 27141, 23301, 13317, 8451, 8195, 11779, 14865, 7949, 18701, 21001, 13349, 
19205, 43521, 27139, 2817, 8193, 60928, 769, 14593, 17929, 2823, 23559, 27143, 9741, 
10759, 45829, 41989, 37888, 14083, 56578, 36864, 23809, 16411, 16915, 15375, 17165, 15919, 
9223, 49413, 10755, 42752, 20995, 31232, 24577, 7937, 16665, 16659, 15887, 17419, 15673, 
9733, 52227, 22273, 41216, 14595, 45568, 64768, 18177, 19985, 11275, 17161, 28167, 11287, 
18953, 36869, 21765, 64514, 6659, 51714, 6913, 12801, 16667, 13845, 16657, 22029, 14673, 
18185, 24581, 27909, 20739, 15363, 8707, 9731, 14083, 14865, 9231, 16395, 25097, 13095, 
19461, 40961, 26625, 3841, 6657, 63232, 2817, 13313, 17417, 5897, 19463, 33543, 8973, 
9477, 44293, 49156, 45826, 7427, 55810, 37379, 20993, 14361, 11279, 13837, 8973, 18979, 
6917, 50437, 10245, 33794, 773, 57346, 64514, 30465, 15643, 11535, 15121, 6155, 19233, 
8709, 25091, 56836, 37890, 28163, 9985, 28929, 19713, 18199, 12557, 20751, 17421, 14879, 
11269, 32773, 11781, 29186, 3075, 14849, 13315, 33539, 17693, 12303, 17427, 17935, 15665, 
20999, 22533, 29701, 16899, 13827, 14339, 12035, 17667, 13837, 11531, 20745, 34057, 9489, 
16645, 27651, 12291, 38656, 6145, 11521, 13057, 21761, 20493, 14345, 25097, 32519, 7949, 
7685, 45058, 7939, 7937, 28417, 33025, 7169, 49922, 16913, 65032, 19463, 36103, 17433, 
12293, 14339, 64514, 36352, 17153, 31489, 22273, 11265, 15883, 60678, 12809, 19717, 22799, 
27397, 44802, 41472, 35841, 39939, 3843, 19457, 24833, 20243, 22801, 15111, 12555, 12829, 
13573, 31490, 8705, 41217, 22275, 6657, 18691, 62208, 20501, 15629, 10507, 23559, 14115, 
30469, 7427, 8449, 18177, 10241, 11265, 21249, 19713, 12299, 27655, 29703, 16647, 8205, 
22533, 43778, 1539, 26113, 11267, 21249, 26625, 53504, 19983, 31243, 18953, 3591, 10771, 
6917, 30211, 52482, 46080, 29441, 3587, 27905, 13313, 15641, 9999, 18957, 15373, 16943, 
6917, 38403, 1539, 25344, 7683, 769, 15105, 30465, 15121, 9485, 13327, 7941, 19477, 
12549, 20995, 8963, 42240, 21505, 19969, 2817, 16385, 25619, 14601, 26123, 26375, 7445, 
11781, 21507, 5123, 43520, 24065, 19969, 10243, 18177, 19481, 13071, 21261, 22027, 13353, 
26121, 24583, 25861, 12805, 8965, 3843, 5891, 9475, 15123, 15379, 19215, 23819, 13623, 
30469, 23555, 24323, 65280, 8705, 3841, 5889, 6913, 18699, 17929, 22025, 30217, 8723, 
15111, 47621, 54784, 9731, 3, 56576, 23043, 1793, 18199, 13327, 16137, 16907, 15651, 
7173, 58629, 8709, 51968, 7427, 51714, 57090, 18945, 18707, 13327, 15373, 14857, 15643, 
16645, 44803, 7681, 57600, 15875, 52736, 6657, 14337, 25363, 4109, 26633, 21511, 10263, 
25351, 31749, 11011, 6147, 5123, 58368, 12801, 4865, 19991, 9999, 24077, 16395, 13879, 
32773, 28677, 29443, 9473, 7427, 58624, 65024, 5377, 13065, 13835, 19721, 25865, 12565, 
26889, 25095, 24325, 11269, 6149, 63234, 5635, 7683, 15645, 14871, 18193, 18447, 15221, 
4101, 56066, 6403, 59394, 35329, 36353, 1, 56576, 13583, 64266, 24583, 30983, 18965, 
13573, 17923, 771, 38144, 14593, 30979, 17921, 11521, 16137, 61704, 14347, 9989, 25617, 
11269, 37890, 25857, 34817, 4865, 19713, 11777, 58112, 23569, 21261, 13579, 19975, 10263, 
5125, 41730, 24835, 18949, 22019, 26625, 1, 55808, 18453, 10253, 22537, 30215, 14117, 
27655, 21509, 26885, 16643, 13827, 2561, 5635, 5123, 13841, 20491, 19725, 19465, 12315, 
26887, 62210, 16899, 22529, 17153, 6401, 12545, 7169, 19217, 28171, 17673, 11529, 10003, 
14597, 49155, 45826, 6145, 1537, 52480, 31745, 61952, 18963, 12301, 18183, 18185, 14619, 
10757, 49155, 7685, 55040, 6659, 53762, 1537, 18177, 17941, 14609, 15119, 16393, 15651, 
18693, 40451, 11265, 56320, 17665, 53760, 8449, 15361, 24595, 5131, 26377, 21767, 10263, 
25351, 30725, 13315, 7427, 6403, 60672, 14593, 7169, 19227, 11025, 22797, 17163, 14147, 
26121, 25607, 24069, 13317, 7941, 515, 7427, 9987, 15645, 15127, 17937, 18703, 15219, 
32773, 27909, 28419, 9729, 8451, 60672, 1025, 7681, 13067, 14603, 19721, 25865, 12309, 
43013, 57858, 6400, 19969, 26369, 1537, 9473, 21505, 11793, 10511, 17665, 23561, 19223, 
37383, 771, 32512, 5889, 23043, 9729, 10243, 17409, 15393, 14103, 14861, 19469, 16703, 
37637, 61442, 35840, 23809, 31745, 7169, 5377, 20225, 13325, 21003, 32005, 19721, 10001, 
29959, 51968, 44290, 27649, 9219, 63232, 32001, 27393, 12821, 17681, 27145, 13577, 15645, 
23815, 18181, 22275, 18433, 11521, 14081, 15363, 18435, 9741, 21003, 28937, 21767, 9745, 
25861, 59650, 771, 6657, 51712, 15105, 39169, 3841, 13069, 29193, 32007, 6661, 9739, 
27909, 51202, 60162, 13059, 52994, 257, 48641, 26881, 6159, 17675, 25865, 2311, 21015, 
13061, 4355, 6917, 40960, 257, 33281, 25345, 6913, 10257, 23817, 17675, 3335, 17437, 
5893, 23555, 56836, 35330, 32771, 8961, 25857, 15105, 17173, 23563, 14861, 18187, 13601, 
12549, 27397, 13829, 29442, 65026, 20993, 12547, 32003, 15387, 22541, 18193, 16137, 14127, 
20487, 25861, 29189, 17155, 13059, 9731, 10755, 16387, 14605, 9483, 20745, 32263, 10003, 
14085, 39171, 9729, 42240, 5377, 61952, 13825, 21761, 19983, 16137, 24073, 30727, 8463, 
18949, 35074, 52992, 51201, 32257, 60674, 8195, 8705, 13587, 15123, 23561, 23049, 15393, 
29445, 41218, 33024, 32513, 40449, 7937, 8193, 13057, 10767, 6671, 17415, 30985, 19477, 
29959, 47618, 53248, 44289, 38145, 1793, 61184, 22273, 17167, 25355, 27401, 9223, 10003, 
16133, 35074, 14083, 54017, 3331, 64768, 14849, 8193, 18707, 22799, 19211, 9737, 12317, 
28679, 25093, 27397, 14851, 13315, 513, 5891, 6401, 12303, 21513, 22539, 19977, 11539, 
26119, 4101, 14853, 21507, 18945, 6657, 10241, 6145, 16405, 26637, 21515, 8201, 12317, 
23815, 57090, 61698, 61952, 55810, 12033, 51713, 12801, 16663, 21521, 22031, 12809, 13603, 
16647, 50434, 13827, 49920, 11521, 45571, 12289, 62976, 16927, 21265, 16915, 11789, 14931, 
27399, 3587, 1795, 64256, 50432, 4097, 40961, 13057, 15117, 25611, 27915, 21513, 7695, 
18183, 64258, 12803, 44800, 1537, 33793, 18945, 9217, 17171, 27147, 18955, 17415, 11291, 
18439, 21767, 26117, 18691, 12291, 15875, 14083, 17667, 11535, 18189, 21261, 27401, 11289, 
23045, 19715, 19971, 55808, 61440, 12033, 11777, 15105, 14347, 26119, 22535, 29701, 6925, 
14597, 19717, 34821, 35333, 25349, 23555, 16899, 19459, 5387, 14089, 12553, 24329, 15373, 
9735, 12549, 23301, 30213, 24581, 29187, 23811, 27651, 12565, 17423, 12815, 18957, 16957, 
57348, 33027, 12803, 46851, 19459, 39683, 25347, 35843, 7947, 24331, 9483, 20747, 20501, 
2055, 20229, 17411, 36099, 21507, 33795, 20739, 29955, 18195, 19731, 17167, 13325, 18231, 
54276, 41217, 14083, 46339, 20483, 37377, 21507, 31745, 24077, 18955, 17417, 1799, 21267, 
13575, 31749, 22789, 23813, 3587, 13059, 3331, 14595, 22031, 19727, 18955, 3849, 20251, 
65028, 30211, 19971, 35587, 26115, 38915, 24579, 35329, 15881, 15369, 17417, 15369, 22031, 
12805, 24069, 26373, 29955, 19973, 23811, 15107, 22531, 9737, 16649, 14603, 22537, 17427, 
16645, 15109, 24325, 20739, 22531, 23041, 5377, 1281, 20749, 3081, 13577, 14601, 22289, 
3, 15105, 39939, 35329, 41473, 30465, 3585, 16641, 18953, 777, 19977, 16135, 19219, 
11783, 39936, 31235, 29955, 18435, 5891, 64256, 58370, 15629, 5385, 16907, 19209, 19225, 
21767, 45058, 9989, 35843, 28677, 23041, 20227, 52736, 16907, 2057, 8459, 20489, 22289, 
17669, 14853, 29701, 25605, 23045, 22787, 22019, 22787, 23827, 17935, 7433, 8713, 20765, 
10757, 19205, 40965, 34053, 27653, 28675, 22275, 25347, 13325, 12813, 15885, 16909, 17421, 
21761, 17667, 38915, 30979, 27397, 27651, 24323, 26883, 32013, 14857, 59652, 3593, 28431, 
45317, 17413, 51968, 61186, 15619, 18179, 9731, 8451, 23821, 14861, 60166, 5385, 21267, 
55045, 3843, 6144, 8195, 25859, 17921, 1795, 12291, 14605, 8459, 10753, 22535, 20753, 
41479, 13063, 36608, 57348, 19971, 23299, 13827, 6915, 15659, 13847, 12559, 18701, 17245, 
9223, 16901, 26117, 28165, 23557, 26883, 24067, 27651, 18701, 15373, 10763, 5897, 23571, 
12549, 16901, 32517, 32517, 25093, 25347, 20995, 25603, 10253, 14347, 14349, 19211, 17169, 
10499, 25093, 30981, 26881, 23555, 30723, 23555, 29187, 19977, 6153, 4107, 63494, 31759, 
23559, 3331, 3077, 49664, 65024, 28161, 32001, 2305, 15369, 2825, 5643, 6151, 28687, 
65028, 46850, 6917, 64258, 47107, 24577, 42754, 58626, 9487, 10765, 20747, 24843, 18713, 
11525, 44802, 61956, 1537, 16899, 38401, 29953, 40960, 11281, 6153, 14603, 21255, 21009, 
24581, 14083, 19969, 58880, 59904, 11009, 28673, 8961, 14091, 3335, 7945, 16133, 24847, 
23815, 14339, 19715, 65026, 3329, 14593, 20993, 7425, 15899, 11021, 13839, 16651, 18209, 
19975, 52226, 64516, 15619, 22019, 25601, 35329, 54528, 13849, 5903, 12809, 27657, 19233, 
15365, 51714, 8453, 64000, 18177, 40195, 18177, 45824, 9745, 1547, 15369, 26887, 23059, 
6661, 36354, 16131, 25345, 33539, 16897, 2049, 51200, 11537, 9231, 21513, 26121, 18715, 
9477, 39426, 18945, 29955, 29187, 13057, 9473, 58368, 15145, 15639, 18961, 17163, 16247, 
15111, 16901, 25861, 29443, 22789, 25859, 20483, 20227, 18189, 6663, 7945, 9479, 24845, 
17159, 3331, 11011, 3585, 12801, 30977, 27649, 12289, 16661, 10251, 14603, 19463, 17685, 
18181, 45056, 3585, 10753, 14849, 30977, 35329, 65024, 16139, 3079, 6663, 6407, 30221, 
21255, 54018, 61442, 7425, 5891, 23553, 43009, 6401, 16403, 12559, 12557, 14345, 21013, 
23559, 55298, 54530, 2819, 65282, 7937, 52225, 18945, 16421, 16921, 16915, 15121, 16443, 
13573, 40194, 4099, 8961, 13313, 34817, 20737, 42240, 16409, 16915, 16403, 13579, 16675, 
58884, 34051, 13315, 43011, 18947, 37379, 20483, 34049, 15631, 15633, 15375, 15371, 16681, 
64770, 43011, 21507, 39169, 17409, 29697, 12545, 24577, 4107, 20231, 13577, 29191, 14609, 
60164, 33281, 18947, 39427, 21251, 37121, 19203, 32257, 26381, 10505, 13065, 62470, 23057, 
20743, 23557, 7427, 53760, 59650, 23555, 7427, 21761, 22027, 6919, 9737, 61446, 24595, 
22791, 9733, 5637, 57346, 43522, 15105, 46337, 64768, 19723, 9481, 8971, 5383, 24591, 
10757, 4357, 62980, 47874, 6659, 45315, 10497, 4353, 14353, 8971, 14351, 17671, 18969, 
2309, 51712, 40705, 24321, 12801, 39937, 34049, 24833, 14605, 12295, 19977, 13319, 23051, 
13831, 14341, 31749, 28933, 24325, 23555, 20227, 24579, 11019, 7943, 20745, 17159, 19469, 
9733, 5891, 44803, 22273, 17665, 45057, 29185, 19457, 22543, 21771, 13065, 15111, 18707, 
22789, 17157, 36355, 22275, 11011, 24835, 15105, 3329, 22287, 13321, 3337, 8713, 21525, 
29703, 64770, 6661, 3843, 61698, 17153, 22785, 63488, 17675, 9995, 2313, 7433, 22805, 
19463, 53506, 65284, 1795, 1283, 28417, 26881, 52480, 12819, 13583, 12561, 13835, 18987, 
25607, 26117, 28677, 10755, 10755, 62720, 9219, 6401, 16157, 15379, 15377, 13069, 17439, 
28167, 26117, 30981, 64258, 4865, 57600, 15105, 60416, 17171, 23819, 22029, 14089, 12311, 
26375, 23813, 26629, 65026, 6915, 4097, 12289, 5121, 13327, 10763, 9741, 8969, 23059, 
19717, 5, 14085, 60928, 61186, 38145, 17921, 56064, 12049, 6411, 9229, 17161, 24081, 
17671, 2821, 11525, 4355, 10243, 37635, 10753, 60930, 16161, 15123, 14867, 17933, 16691, 
10501, 14341, 8197, 44546, 18435, 32769, 59904, 9473, 7953, 15371, 7179, 11015, 23827, 
12039, 12805, 29701, 31237, 26885, 26883, 24323, 25347, 20237, 16649, 12041, 3847, 25103, 
21253, 16901, 32517, 28163, 17923, 17667, 14851, 18177, 13839, 13579, 15117, 15625, 17421, 
24581, 20485, 33285, 12033, 16129, 27651, 22019, 23043, 15113, 15367, 6919, 58118, 31497, 
27141, 771, 7683, 60160, 1281, 25857, 37377, 16129, 14345, 8201, 4105, 5, 29961, 
15877, 60674, 64770, 43520, 10241, 28929, 29441, 4865, 12813, 14089, 11531, 9473, 19725, 
14085, 16899, 8963, 22274, 10497, 29441, 18179, 25857, 10763, 19213, 4617, 61960, 25101, 
15621, 16131, 35843, 33795, 33027, 36355, 32515, 32771, 18953, 18695, 17417, 16135, 23305, 
20741, 19461, 33029, 28931, 22277, 17667, 12803, 15873, 16907, 16651, 16139, 17161, 18961, 
23299, 26371, 35587, 23043, 35585, 22785, 10497, 10497, 15113, 14857, 7689, 4871, 22795, 
33797, 64002, 769, 40705, 25089, 6401, 7425, 8705, 19211, 6667, 263, 14087, 21773, 
36615, 57090, 44288, 29185, 33025, 8705, 769, 9985, 14867, 20745, 20487, 9993, 14357, 
17415, 16643, 10499, 55552, 28417, 17921, 4609, 1025, 13067, 14605, 6153, 1033, 20501, 
24071, 24583, 26629, 19203, 15363, 60928, 513, 64768, 20247, 13329, 5131, 9227, 19491, 
28167, 24581, 30469, 19715, 13825, 51456, 64768, 2305, 16161, 16661, 15119, 17933, 16187, 
38407, 10757, 50176, 62976, 18945, 17409, 11777, 3585, 20247, 10511, 64776, 12551, 19749, 
29701, 14337, 9729, 10241, 15361, 53504, 64000, 64512, 19211, 6921, 62212, 13061, 24593, 
37127, 7685, 38912, 61698, 26883, 32771, 12545, 61954, 16177, 13335, 12815, 20237, 16983, 
31749, 52484, 32000, 24577, 39681, 21761, 57600, 1793, 15897, 14353, 15631, 21257, 16157, 
18183, 24325, 24581, 23043, 11779, 11777, 9473, 14337, 15887, 24075, 12043, 12041, 19225, 
12805, 46083, 5121, 51456, 5889, 56320, 11265, 17153, 15375, 27143, 16137, 21511, 12565, 
18183, 46595, 13059, 13571, 62978, 61440, 4097, 11521, 13835, 25863, 6921, 4615, 23569, 
15111, 45571, 9475, 5633, 1795, 58112, 6657, 11265, 16151, 19981, 15629, 20233, 15389, 
16135, 48643, 7427, 12291, 60930, 58626, 3841, 8705, 15387, 18449, 14095, 14857, 17445, 
10245, 55043, 513, 47360, 3585, 50688, 10753, 17153, 13839, 10247, 12553, 3591, 23311, 
9991, 13573, 24837, 31237, 24581, 29955, 25347, 28419, 11535, 18957, 11535, 18955, 17697, 
18437, 25349, 39173, 35333, 20739, 18179, 9219, 13827, 6155, 12553, 14345, 27911, 12811, 
56068, 40195, 15619, 43779, 28931, 27651, 28675, 27393, 18953, 23305, 11783, 63494, 25359, 
517, 27397, 15363, 39427, 20485, 30723, 24323, 27907, 13833, 25357, 12043, 13319, 20763, 
9989, 47619, 9987, 48128, 4097, 63232, 9473, 23041, 20489, 9735, 11015, 56070, 26897, 
12551, 48387, 12805, 9731, 65282, 57858, 2561, 11267, 19213, 22541, 12041, 2311, 21019, 
65028, 33027, 17923, 39939, 23555, 29443, 22531, 26881, 8205, 16395, 11787, 23049, 16151, 
16389, 47109, 23813, 18689, 6659, 5377, 1795, 15107, 3851, 20743, 17417, 35591, 11537, 
59140, 33029, 10757, 41475, 21763, 30979, 26627, 29953, 15127, 16661, 15377, 16143, 16731, 
60420, 32771, 12805, 38659, 23043, 27651, 25859, 26113, 21519, 19213, 16395, 6411, 18719, 
58114, 40963, 16389, 38915, 27651, 26883, 26627, 28417, 25867, 13063, 13063, 58120, 23825, 
14599, 44035, 9987, 63744, 64514, 58626, 5121, 13827, 20747, 18185, 11527, 64262, 21781, 
12295, 9477, 26629, 28675, 26885, 28675, 26371, 27139, 14607, 19977, 13839, 13323, 19221, 
19973, 23301, 38405, 32515, 19203, 15875, 7683, 13059, 9231, 12041, 16395, 22791, 13579, 
8197, 17411, 27651, 27393, 34307, 21761, 28417, 30465, 15113, 28679, 6663, 65286, 29453, 
15623, 24325, 25093, 20485, 18949, 10499, 16387, 18947, 15629, 28425, 9993, 6407, 22297, 
13061, 50947, 12547, 49664, 6403, 47872, 4865, 19203, 14605, 27143, 7175, 1287, 24079, 
9735, 54277, 54274, 63232, 62210, 46850, 27137, 5891, 13585, 21257, 5899, 12553, 18969, 
7685, 16899, 25347, 31235, 34563, 31235, 34819, 33793, 14089, 21767, 13067, 18185, 21515, 
17157, 19461, 30981, 28933, 21509, 17411, 13571, 16387, 11787, 17417, 14605, 20233, 17171, 
11011, 35587, 21251, 34051, 27907, 20483, 26625, 20481, 18445, 22793, 13579, 11015, 18451, 
20481, 16897, 10753, 8705, 13569, 1793, 16897, 9985, 15881, 20485, 11015, 11523, 19463, 
14085, 48387, 3585, 55552, 16385, 58880, 17409, 9985, 12553, 14343, 8969, 65286, 22803, 
20743, 47363, 11779, 11523, 64002, 57346, 7171, 5891, 16397, 21771, 9737, 7177, 18971, 
22023, 25349, 28933, 15363, 9475, 7427, 5891, 11779, 14351, 21515, 11787, 6151, 20247, 
22535, 21251, 31745, 56832, 59136, 8449, 12033, 1793, 14355, 24841, 16651, 12551, 15127, 
16901, 27395, 18691, 44288, 5377, 3329, 6913, 18689, 12555, 16905, 8457, 513, 25355, 
12039, 43781, 11267, 43264, 8195, 52992, 9729, 20225, 11023, 25097, 5129, 8455, 21781, 
9735, 51203, 64258, 51200, 4099, 46082, 17665, 12801, 15129, 21519, 11277, 20745, 16155, 
10501, 24067, 2563, 28928, 17921, 5889, 21761, 22273, 15637, 9483, 14349, 15623, 18969, 
27397, 11267, 11523, 12801, 3585, 4865, 20225, 21249, 23565, 13835, 5897, 16133, 16655, 
42245, 65282, 40704, 12289, 26627, 7169, 3841, 14849, 20753, 25101, 14855, 6409, 11803, 
36103, 16391, 63746, 64002, 7939, 12291, 14083, 14849, 17695, 16659, 14349, 14093, 16439, 
46853, 13315, 45312, 61184, 12545, 12033, 8193, 13569, 21515, 9479, 1797, 14341, 22539, 
41733, 11013, 50690, 64514, 14083, 11267, 6401, 14849, 16153, 11533, 12299, 20491, 18719, 
43781, 53762, 28418, 18945, 26113, 61696, 6401, 30721, 8719, 3595, 18439, 25351, 24083, 
57604, 29185, 17665, 34305, 26369, 30721, 31745, 27905, 10759, 21515, 12553, 14599, 22033, 
11527, 18949, 27141, 30469, 22021, 24835, 19203, 23043, 9481, 17931, 11531, 18951, 18195, 
60418, 34819, 20483, 29441, 19969, 29697, 24577, 22017, 25353, 10505, 10759, 4103, 24845, 
22023, 17155, 9731, 58880, 48898, 12545, 29441, 8195, 26889, 2055, 5897, 8455, 24335, 
29703, 7683, 59136, 9987, 59648, 51712, 33281, 29697, 24075, 8971, 3079, 15367, 19471, 
17925, 50178, 56324, 9985, 62978, 24065, 39681, 56320, 18447, 3593, 8457, 30471, 18193, 
59396, 35075, 9475, 44547, 14851, 37121, 20737, 26369, 12301, 16911, 13581, 17929, 16427, 
515, 47363, 22787, 32001, 15617, 22017, 14849, 14337, 1291, 23303, 15111, 28679, 14607, 
46340, 45059, 19201, 27649, 37121, 19969, 38145, 16641, 17165, 13841, 18701, 12555, 16695, 
57090, 36099, 22273, 31233, 23297, 28673, 28161, 17153, 29707, 8711, 15111, 2567, 20755, 
23815, 19459, 13827, 60416, 52226, 3329, 23041, 8705, 27145, 6663, 8455, 6149, 22033, 
33031, 6915, 57600, 11779, 59904, 43776, 25601, 27137, 23307, 10509, 2057, 17927, 18195, 
17927, 10501, 27141, 32259, 27907, 25347, 22531, 25091, 18703, 11273, 10507, 19463, 18711, 
32517, 5379, 14081, 37633, 32513, 16385, 9729, 18433, 17933, 18187, 19465, 20231, 15121, 
29187, 58624, 14849, 55297, 39681, 27137, 20737, 33537, 21515, 13575, 9989, 15621, 23053, 
34821, 12549, 14851, 25091, 19715, 8451, 4099, 14851, 20239, 11019, 5129, 10761, 21273, 
45317, 58626, 46848, 26369, 24835, 63744, 65282, 20481, 14857, 6921, 5383, 10503, 24079, 
30981, 49666, 58882, 19715, 61186, 64256, 35073, 19201, 6411, 13323, 18695, 1031, 22547, 
23045, 12805, 23299, 34051, 31747, 26369, 16897, 19201, 17169, 15375, 13579, 16137, 16925, 
37381, 1283, 9217, 40449, 26625, 11521, 9729, 16129, 18953, 18695, 17671, 25349, 11021, 
32773, 9477, 10497, 37633, 34305, 20737, 5889, 15105, 19213, 4619, 3847, 17671, 23057, 
26117, 14597, 18691, 25603, 25859, 23299, 14595, 15363, 23825, 13837, 2313, 6665, 20765, 
44805, 8197, 44800, 2563, 22529, 17411, 3075, 6659, 19981, 11787, 773, 10247, 22035, 
38661, 45314, 43008, 37121, 33025, 62720, 63744, 14337, 11531, 1545, 10759, 18951, 25617, 
11783, 12549, 27397, 27909, 25349, 26883, 24835, 25859, 16395, 18187, 12045, 11785, 21523, 
17925, 25093, 41221, 34821, 20997, 16131, 8707, 13059, 8207, 10509, 15883, 22025, 14603, 
6149, 20995, 27907, 27395, 22019, 29187, 24067, 27137, 20745, 12295, 3593, 5383, 31243, 
26887, 23045, 14853, 259, 52994, 9729, 23811, 22019, 22795, 13323, 4873, 5639, 24591, 
35591, 5637, 52480, 13827, 59136, 50432, 28161, 36609, 23307, 10251, 263, 15113, 19725, 
20999, 64000, 63234, 59648, 53248, 25857, 36609, 2561, 16653, 6153, 5383, 14085, 23307, 
60676, 29443, 12035, 44547, 20227, 33793, 29955, 28417, 4107, 26891, 7181, 19209, 21013, 
12549, 16901, 26629, 32005, 22789, 23299, 19715, 19971, 7435, 18443, 10763, 20745, 16917, 
49412, 43523, 4357, 39939, 31489, 19457, 40451, 19969, 13577, 24077, 16139, 5897, 20503, 
50946, 42499, 17411, 20225, 44801, 6915, 34049, 18945, 23561, 18699, 24073, 63494, 20243, 
9991, 45061, 39429, 46336, 16131, 55042, 51458, 15105, 23307, 16905, 22025, 64518, 21013, 
9733, 50691, 12037, 50176, 12803, 37634, 15363, 16131, 22539, 15115, 14603, 62982, 20249, 
65028, 28675, 11523, 42499, 19715, 32003, 27139, 26881, 5387, 24587, 8971, 19465, 19735, 
18437, 27651, 30213, 31747, 14595, 14595, 7939, 13059, 2825, 19977, 11273, 28935, 14607, 
41476, 52739, 5635, 39681, 39169, 19201, 40195, 24833, 10247, 21769, 16649, 6921, 22545, 
52740, 41219, 13317, 22531, 42243, 11011, 34307, 22785, 20237, 15119, 21773, 7435, 17195, 
58626, 41985, 29699, 7937, 49667, 11265, 22273, 28417, 27915, 12553, 20231, 1543, 18705, 
17927, 38147, 23041, 44800, 11779, 57856, 2817, 18947, 21257, 14345, 13065, 65286, 20501, 
44544, 45056, 45568, 7680, 8192, 8704, 64512, 65024, 1, 24576, 25088, 25600, 49152, 
49664, 50176, 16896, 17408, 17920, 30720, 31232, 31744, 1536, 2048, 2560, 52224, 52736, 
53248, 16896, 17408, 17920, 55296, 55808, 56320, 19968, 20480, 20992, 55296, 55808, 56320, 
16896, 17408, 17920, 49152, 49664, 50176, 13824, 14336, 14848, 58368, 58880, 59392, 26112, 
26624, 27136, 61440, 61952, 62464, 26112, 26624, 27136, 62976, 63488, 64000, 24576, 25088, 
25600, 32256, 32768, 33280, 3072, 3584, 4096, 56832, 57344, 57856, 23040, 23552, 24064, 
41472, 41984, 42496, 9216, 9728, 10240, 59904, 60416, 60928, 23040, 23552, 24064, 38400, 
38912, 39424, 4608, 5120, 5632, 46080, 46592, 47104, 3072, 3584, 4096, 29184, 29696, 
30208, 0, 512, 1024, 55296, 55808, 56320, 21504, 22016, 22528, 49152, 49664, 50176, 
13824, 14336, 14848, 53760, 54272, 54784, 21504, 22016, 22528, 513, 1025, 1537, 12288, 
12800, 13312, 49152, 49664, 50176, 13824, 14336, 14848, 2049, 2561, 3073, 12288, 12800, 
13312, 50688, 51200, 51712, 15360, 15872, 16384, 39936, 40448, 40960, 4608, 5120, 5632, 
49152, 49664, 50176, 10752, 11264, 11776, 43008, 43520, 44032, 7680, 8192, 8704, 49152, 
49664, 50176, 21504, 22016, 22528, 33792, 34304, 34816, 1536, 2048, 2560, 47616, 48128, 
48640, 18432, 18944, 19456, 35328, 35840, 36352, 6144, 6656, 7168, 52224, 52736, 53248, 
16896, 17408, 17920, 47616, 48128, 48640, 10752, 11264, 11776, 36864, 37376, 37888, 27648, 
28160, 28672, 40625, 50353, 4018, 22194, 39090, 55474, 6067, 22195, 38323, 54195, 4788, 20916, 37044, 
53172, 3765, 19893, 35765, 51893, 2486, 18614, 34742, 50870, 1463, 18103, 34487, 52919, 
63415, 18872, 39864, 48056, 64440, 15033, 31161, 47289, 63417, 14010, 30138, 46778, 63930, 
16571, 35515, 43707, 60347, 11452, 27580, 43708, 59836, 10429, 26557, 42429, 58557, 8894, 
23998, 38846, 53182, 64190, 20159, 40127, 59327, 3008, 20928, 38336, 54976, 5825, 22465, 
39617, 57793, 11202, 19138, 35010, 50114, 64962, 10435, 32451, 53443, 8132, 20164, 43972, 
51652, 58308, 7621, 28357, 47557, 198, 18630, 38854, 60870, 5831, 17607, 26567, 43975, 
60359, 10440, 21192, 42440, 62664, 5833, 22473, 38345, 64713, 9930, 31946, 54986, 63434, 
5067, 17611, 42955, 50891, 65483, 28876, 43212, 60620, 5837, 23757, 31437, 49101, 7630, 
21710, 42958, 59342, 7375, 14543, 40399, 55247, 1488, 20688, 31184, 50640, 721, 19665, 
34769, 53969, 2002, 25810, 28626, 63442, 6099, 17875, 37843, 42451, 60115, 20180, 31444, 
47572, 5845, 10709, 28117, 49365, 62421, 9686, 37078, 49878, 1751, 9943, 30935, 46295, 
59863, 14808, 28632, 42968, 60888, 11737, 24793, 41433, 53209, 7130, 32730, 48346, 61914, 
5595, 24539, 39899, 51675, 3292, 19164, 40668, 53212, 6109, 19677, 38365, 53213, 2014, 
26590, 37342, 47070, 2015, 17631, 32479, 51423, 62175, 16352, 31712, 50400, 65248, 16353, 
34785, 49121, 63713, 15842, 32738, 45794, 4579, 19171, 31203, 45795, 56803, 10980, 29924, 
43492, 60388, 13285, 30181, 46565, 60645, 9190, 25830, 41702, 60902, 8679, 21735, 39911, 
56807, 9960, 24552, 37352, 57576, 9449, 25577, 39913, 55017, 4330, 20714, 35818, 55274, 
4587, 18667, 36843, 54251, 2796, 18668, 34540, 51692, 1517, 19949, 33261, 49901, 64749, 
15598, 34542, 49134, 63470, 16623, 32239, 47599, 62447, 12784, 29680, 45296, 62704, 15089, 
30961, 50417, 63729, 13298, 29682, 46578, 62706, 13811, 28659, 43251, 60147, 11764, 27636, 
44532, 59124, 11765, 27893, 44021, 59893, 8438, 23542, 39158, 55286, 6903, 22519, 38903, 
55287, 6648, 23032, 38136, 54008, 4345, 19705, 37113, 53241, 5370, 21242, 37882, 51706, 
1275, 16891, 34043, 51451, 3068, 19708, 33532, 48380, 64764, 15613, 31741, 47613, 62717, 
15102, 30206, 45822, 61950, 13567, 29695, 44799, 61439, 12032, 26112, 41728, 59392, 11009, 
25089, 41473, 56833, 9474, 26882, 41986, 59138, 8451, 24579, 40451, 56067, 5892, 23812, 
39940, 55556, 4101, 20741, 37637, 52997, 4870, 22790, 38662, 55046, 3847, 18439, 34823, 
51975, 1800, 19720, 32776, 50696, 2057, 19209, 33545, 50953, 778, 16906, 33034, 48906, 
11, 15883, 30219, 44811, 61707, 12300, 29196, 46092, 63244, 13069, 29453, 45069, 61197, 
10766, 27662, 42510, 58894, 8975, 27407, 44815, 57359, 5136, 22032, 42000, 59152, 9233, 
23313, 39441, 55313, 5394, 23570, 40978, 57362, 6419, 21011, 38675, 52499, 3348, 23572, 
37140, 50452, 2581, 17941, 36885, 49173, 2070, 20246, 35350, 53270, 791, 15639, 34071, 
50711, 64535, 16664, 28440, 46872, 1305, 12825, 29977, 45849, 1818, 14618, 29466, 49178, 
63002, 13083, 28187, 45851, 57115, 14620, 29212, 42268, 61724, 8733, 29725, 45341, 51229, 
6430, 21534, 38686, 51486, 4639, 25119, 41247, 51487, 4640, 17952, 31264, 56096, 5153, 
18465, 36641, 50721, 34, 13346, 41762, 52514, 64546, 11811, 32547, 44579, 17444, 22052, 
27940, 49188, 6437, 9765, 43301, 50469, 59685, 5158, 26150, 45606, 63270, 15143, 32807, 
50727, 60967, 15912, 36648, 37416, 48936, 5161, 23849, 39977, 54313, 42, 21546, 41002, 
59178, 10795, 20267, 38955, 56619, 7980, 17964, 37164, 55084, 6701, 23085, 39213, 55085, 
5678, 21806, 37934, 54062, 4655, 
512, 1024, 1536, 3328, 5120, 7168, 9472, 12544, 16128, 20480, 25088, 29952, 36096, 
41216, 47360, 54016, 59136, 64000, 2049, 5377, 9217, 12033, 17153, 20481, 25601, 27649, 
31489, 35585, 38913, 43009, 46337, 50689, 53761, 58369, 61953, 2306, 4866, 7426, 9986, 
14338, 18178, 22530, 24578, 29442, 33794, 36866, 41730, 43778, 47618, 51458, 56578, 60930, 
62722, 515, 3843, 7171, 13059, 16643, 20739, 24067, 27139, 29699, 34819, 37379, 42499, 
47619, 52995, 58115, 58627, 60931, 4, 4612, 8196, 10244, 14084, 17668, 21508, 25348, 
28932, 32772, 36356, 40196, 44036, 47620, 51460, 55044, 58884, 62724, 773, 4613, 8197, 
12037, 15877, 19461, 23301, 26885, 30725, 34309, 38149, 41989, 45573, 49413, 52997, 56837, 
60421, 64261, 2566, 6150, 9990, 13574, 17414, 21254, 24838, 28678, 32262, 36102, 39686, 
43526, 47366, 50950, 54790, 58374, 62214, 263, 4103, 7943, 11527, 15367, 
47713, 64351, 46425, 52565, 24406, 42093, 34137, 19284, 9824, 42597, 11874, 46962, 5724, 
41079, 32874, 18017, 7525, 12655, 51028, 45659, 30300, 14958, 54105, 28014, 59482, 15709, 
40029, 31839, 64876, 54629, 35414, 47457, 7512, 4953, 55401, 11364, 11875, 22360, 18539, 
5210, 26214, 49231, 51287, 40792, 48715, 4708, 35928, 55407, 55128, 56153, 11880, 50515, 
62040, 49263, 63065, 46679, 39772, 35924, 60512, 39787, 42855, 62059, 11616, 17249, 57453, 
56167, 1628, 9317, 33381, 57436, 40020, 28009, 57693, 1117, 4200, 16731, 31333, 57933, 
16745, 2922, 38500, 29793, 11868, 23911, 44387, 4958, 17002, 64343, 41805, 613, 19820, 
31576, 34411, 56161, 9828, 24176, 34407, 18021, 22622, 27738, 36448, 14188, 51552, 23655, 
45927, 46177, 51041, 23390, 28766, 62296, 13160, 13668, 36186, 45679, 56420, 10067, 57954, 
23895, 2664, 50779, 59752, 14946, 20582, 10862, 26724, 12900, 34394, 350, 8552, 64866, 
39530, 3154, 37981, 50527, 29798, 37737, 40031, 15462, 10863, 33117, 32094, 6758, 7780, 
42327, 611, 45159, 14706, 64355, 3157, 46172, 55901, 1132, 47207, 64613, 55141, 5472, 
37229, 47714, 53607, 25954, 52069, 13662, 7509, 64097, 25186, 21092, 36437, 30049, 33630, 
5987, 28010, 64109, 52851, 5735, 63848, 26720, 54894, 26735, 56425, 18533, 38489, 43350, 
27743, 25205, 11092, 32352, 52573, 44907, 11113, 6752, 25946, 62828, 3929, 12644, 14698, 
48736, 2925, 23393, 40290, 59751, 18773, 35167, 51303, 14951, 30044, 47715, 47723, 26718, 
19307, 58977, 20327, 606, 41317, 40828, 45933, 2657, 62558, 53863, 40560, 21605, 37727, 
2404, 11883, 31591, 20309, 40049, 15709, 17514, 58732, 11104, 48239, 30571, 3434, 61543, 
5471, 39280, 57186, 7021, 4205, 35943, 37985, 65130, 628, 8288, 27500, 34154, 43871, 
40823, 45418, 55646, 42087, 31085, 43613, 64864, 9835, 19043, 63847, 33646, 26212, 31072, 
17765, 5737, 21092, 51555, 15459, 12903, 29545, 41566, 24171, 40040, 45817, 63228, 3344, 11797, 54288, 28175, 11528, 61192, 56831, 61439, 59903, 17408, 64511, 
27644, 8447, 61191, 4873, 25605, 52230, 21763, 31236, 16640, 2560, 13823, 767, 8704, 
39935, 44544, 19464, 28166, 60159, 62718, 37627, 38143, 33535, 4096, 38912, 57856, 47871, 
1021, 60408, 52998, 64519, 44296, 59149, 48393, 2312, 39678, 12542, 46846, 21504, 46591, 
19452, 57588, 14339, 7, 33030, 64781, 41230, 59661, 54015, 17408, 44032, 25344, 54015, 
3584, 3072, 3072, 2304, 2304, 1536, 1024, 1024, 37889, 49664, 28160, 17408, 15367, 
6656, 5632, 4096, 2816, 2816, 1792, 1536, 1536, 63745, 50688, 29184, 19456, 15367, 
6144, 4096, 2560, 1792, 1792, 1536, 1280, 1024, 65024, 31488, 20992, 12800, 41732, 
3072, 1792, 1280, 1024, 1280, 768, 1024, 768, 22784, 11520, 10752, 7168, 58112, 
2560, 2560, 1792, 1536, 1280, 1024, 1024, 768, 32769, 37376, 23296, 15104, 16646, 
25155, 38972, 24134, 65112, 55882, 9222, 9957, 38380, 34558, 17921, 53501, 12544, 17653, 27648, 11518, 30461, 28928, 63232, 
56574, 33545, 60673, 20987, 49918, 15355, 8446, 21248, 39423, 62207, 7168, 47872, 64255, 
34813, 63748, 39172, 767, 54783, 38913, 55041, 43009, 41728, 7422, 32252, 22780, 45571, 
1024, 512, 512, 256, 512, 512, 512, 512, 9216, 3072, 2304, 2816, 8960, 
1536, 1024, 768, 256, 768, 512, 512, 512, 15616, 9728, 8192, 5120, 29184, 
1024, 512, 768, 256, 512, 512, 512, 512, 4096, 2816, 2816, 1536, 5376, 
25205, 0, 43622, 0, 4983, 0, 
53912, 58627, 31932, 65278, 2348, 46591, 61476, 38140, 5120, 1280, 
0x0008, 
0x0000, 0x0001, 0x0003, 0xe985, 0x8de5, 0xb08d, 
0x0000, 0x0002, 0x0006, 0xe6aa, 0xa2e6, 0x9fa5, 0xe99b, 0xbbe9, 0x878f, 
0x0000, 0x0004, 0x0006, 0xe980, 0xa3e6, 0x8ea5, 0xe78b, 0x80e6, 0xb381, 
0x0000, 0x0008, 0x0003, 0xe59b, 0x9ee6, 0x92a5, 
0x0000, 0x0010, 0x000b, 0xe688, 0x91e8, 0x83bd, 0xe8aa, 0xaae4, 0xbb80, 0xe9ba, 0xbce6, 0x8c87, 0xe4bb, 0xa400, 
0x0000, 0x0020, 0x0003, 0xe68e, 0xa5e8, 0x81bd, 
0x0000, 0x0040, 0x0003, 0xe68b, 0x92e6, 0x8ea5, 
0x0000, 0x0080, 0x0003, 0xe58f, 0x96e6, 0xb688, 
